127 0 256 77 
93 98 222 194 
124 69 204 99 
369 0 498 41 
564 146 703 227 
605 104 689 134 
589 129 698 162 
621 91 676 123 
597 121 614 143 
588 107 623 129 
615 82 672 114 
298 109 462 200 
360 43 399 109 
449 164 457 193 
457 169 492 317 
497 200 538 298 
408 194 455 245 
413 262 457 310 
575 359 700 431 
578 358 676 316 
613 287 677 314 
431 315 461 467 
107 312 131 463 
132 438 266 506 
164 387 248 423 
177 364 223 389 
390 563 493 597 
410 527 465 566 
326 226 353 259 
378 328 425 418 
445 335 491 430 
61 329 103 410 
131 336 169 437 
