2 4 159 152 
151 3 199 103 
2 73 39 188 
199 182 286 325 
177 235 226 312 
138 287 208 389 
89 333 174 479 
1 453 190 581 
206 6 307 79 
324 58 513 61 
519 63 556 103 
327 153 512 171 
529 212 593 352 
499 265 550 342 
521 388 556 472 
533 390 648 439 
610 323 652 440 
582 292 657 366 
650 155 755 190 
652 4 768 83 
695 409 794 512 
769 373 796 413 
659 486 755 564 
577 526 754 589 
603 433 676 518 
288 171 312 196 
305 2 345 57 
188 4 217 97 
405 3 543 83 
401 184 461 506 
355 446 454 503 
330 497 387 592 
