3 155 125 247 
104 173 130 197 
129 177 138 199 
147 196 242 275 
229 196 245 216 
242 225 263 231 
261 242 283 255 
284 174 312 230 
288 292 312 352 
251 247 281 324 
245 295 283 324 
205 326 246 365 
169 345 205 399 
115 351 204 407 
62 365 122 478 
103 362 126 434 
124 392 129 413 
131 364 144 405 
132 362 161 404 
2 382 118 479 
322 324 357 352 
208 410 271 473 
116 446 157 512 
41 487 81 554 
403 488 436 549 
439 449 474 510 
457 331 512 387 
483 382 518 430 
488 168 557 235 
242 10 318 72 
200 7 242 28 
319 4 593 54 
342 15 482 44 
377 49 529 89 
459 81 696 121 
542 128 753 168 
596 183 756 286 
594 202 764 289 
626 299 757 312 
640 317 787 358 
598 353 760 418 
630 330 792 342 
601 353 785 442 
559 430 704 506 
590 417 639 449 
598 391 636 427 
558 430 624 536 
486 510 616 565 
548 497 589 528 
483 513 529 591 
440 553 503 585 
479 513 517 551 
440 560 523 581 
424 582 493 594 
